[38.03965, -76.32213]
[38.04005, -76.32234]
[38.04019, -76.32239]
[38.04059, -76.32239]
[38.04098, -76.32227]
[38.04259, -76.32152]
[38.04337, -76.32121]
[38.04367, -76.32118]
[38.04391, -76.32122]
[38.04451, -76.32144]
[38.05244, -76.32475]
[38.05297, -76.32491]
[38.05344, -76.32498]
[38.05403, -76.32497]
[38.05594, -76.32469]
[38.05716, -76.32452]
[38.05756, -76.32452]
[38.05777, -76.32457]
[38.05802, -76.32468]
[38.05979, -76.32566]
[38.06141, -76.32642]
[38.06238, -76.32687]
[38.06257, -76.32701]
[38.0627, -76.32718]
[38.06278, -76.32735]
[38.06284, -76.3276]
[38.06287, -76.32799]
[38.06322, -76.33362]
[38.06328, -76.33402]
[38.0634, -76.33441]
[38.06359, -76.33478]
[38.0638, -76.33505]
[38.06412, -76.33532]
[38.06879, -76.33804]
[38.07012, -76.33882]
[38.07045, -76.33895]
[38.07389, -76.33995]
[38.07407, -76.34003]
[38.07383, -76.34159]
[38.07379, -76.34212]
[38.07382, -76.34249]
[38.07391, -76.34287]
[38.07417, -76.3436]
[38.07442, -76.34421]
[38.07472, -76.34481]
[38.07506, -76.34541]
[38.07648, -76.34782]
[38.07671, -76.3483]
[38.07687, -76.34872]
[38.07718, -76.34984]
[38.07841, -76.35439]
[38.07853, -76.35471]
[38.07868, -76.35496]
[38.08007, -76.35672]
[38.08032, -76.35701]
[38.08074, -76.35739]
[38.08109, -76.35764]
[38.08152, -76.35787]
[38.08202, -76.35804]
[38.08239, -76.35812]
[38.08275, -76.35815]
[38.0853, -76.35817]
[38.08557, -76.3582]
[38.08582, -76.35824]
[38.08612, -76.35832]
[38.08641, -76.35844]
[38.08669, -76.35859]
[38.08695, -76.35876]
[38.08724, -76.359]
[38.08756, -76.35934]
[38.08789, -76.35978]
[38.08925, -76.36163]
[38.09062, -76.3632]
[38.09227, -76.36509]
[38.09256, -76.3654]
[38.09297, -76.36573]
[38.0932, -76.36589]
[38.09349, -76.36606]
[38.09402, -76.36627]
[38.09446, -76.36638]
[38.09497, -76.36642]
[38.0955, -76.36639]
[38.09817, -76.36588]
[38.09895, -76.36567]
[38.0995, -76.36551]
[38.10022, -76.36536]
[38.10162, -76.36523]
[38.10264, -76.36517]
[38.10315, -76.3652]
[38.10352, -76.36525]
[38.10878, -76.36665]
[38.10925, -76.36681]
[38.10963, -76.36698]
[38.10999, -76.36719]
[38.11132, -76.36805]
[38.11166, -76.36831]
[38.1121, -76.36872]
[38.113, -76.36971]
[38.11357, -76.37033]
[38.11397, -76.37066]
[38.11444, -76.37094]
[38.11498, -76.37117]
[38.11735, -76.37199]
[38.12208, -76.36858]
[38.12293, -76.36803]
[38.12675, -76.36576]
[38.12775, -76.3652]
[38.12857, -76.36484]
[38.12952, -76.3645]
[38.13053, -76.36425]
[38.13126, -76.36414]
[38.13185, -76.36409]
[38.13412, -76.36407]
[38.13646, -76.36411]
[38.13746, -76.36417]
[38.13867, -76.3643]
[38.14294, -76.36486]
[38.1435, -76.36499]
[38.14407, -76.36518]
[38.14456, -76.36538]
[38.14709, -76.36662]
[38.15197, -76.36909]
[38.15253, -76.3694]
[38.15367, -76.3701]
[38.15466, -76.37074]
[38.1755, -76.38436]
[38.17651, -76.38499]
[38.17766, -76.3856]
[38.17926, -76.3863]
[38.1868, -76.38952]
[38.19886, -76.39463]
[38.20197, -76.39596]
[38.20334, -76.39663]
[38.20737, -76.39888]
[38.20826, -76.39945]
[38.20899, -76.4]
[38.20999, -76.40088]
[38.21225, -76.40294]
[38.21297, -76.40353]
[38.21373, -76.4041]
[38.21996, -76.4083]
[38.22092, -76.4089]
[38.22173, -76.40933]
[38.22271, -76.40976]
[38.22355, -76.41006]
[38.2326, -76.4127]
[38.23334, -76.41294]
[38.23394, -76.41317]
[38.23478, -76.41356]
[38.23565, -76.41402]
[38.23616, -76.41433]
[38.23844, -76.41591]
[38.23873, -76.41613]
[38.24511, -76.42057]
[38.24577, -76.42107]
[38.24626, -76.42154]
[38.24632, -76.42157]
[38.24685, -76.42221]
[38.24715, -76.42265]
[38.24752, -76.4233]
[38.24855, -76.42563]
[38.24854, -76.42572]
[38.24932, -76.42755]
[38.24952, -76.42794]
[38.24981, -76.42844]
[38.25023, -76.42902]
[38.25045, -76.42929]
[38.25079, -76.42965]
[38.25107, -76.42992]
[38.25158, -76.43032]
[38.25231, -76.4308]
[38.25382, -76.43171]
[38.25441, -76.43213]
[38.255, -76.43262]
[38.2556, -76.43322]
[38.25606, -76.43375]
[38.25654, -76.43438]
[38.25719, -76.43532]
[38.2577, -76.43612]
[38.25855, -76.43765]
[38.26291, -76.44577]
[38.26361, -76.44731]
[38.26449, -76.44924]
[38.26468, -76.44963]
[38.26477, -76.44969]
[38.26577, -76.45181]
[38.26623, -76.45271]
[38.26647, -76.45331]
[38.26685, -76.4546]
[38.26715, -76.45551]
[38.26761, -76.45651]
[38.26811, -76.45739]
[38.26866, -76.45814]
[38.26888, -76.4584]
[38.26957, -76.45908]
[38.2701, -76.45955]
[38.27385, -76.46227]
[38.27496, -76.46314]
[38.27534, -76.46345]
[38.27575, -76.46372]
[38.27681, -76.46456]
[38.27864, -76.46588]
[38.27912, -76.46627]
[38.27946, -76.46661]
[38.27973, -76.46692]
[38.28029, -76.46768]
[38.28096, -76.46878]
[38.28219, -76.47082]
[38.28234, -76.47106]
[38.2837, -76.47318]
[38.28425, -76.47399]
[38.28425, -76.47403]
[38.28522, -76.4755]
[38.28656, -76.47767]
[38.28673, -76.4779]
[38.28824, -76.48043]
[38.28857, -76.48105]
[38.28893, -76.48191]
[38.2892, -76.48267]
[38.28934, -76.48328]
[38.28945, -76.48399]
[38.28953, -76.48428]
[38.29065, -76.49066]
[38.29091, -76.49172]
[38.29117, -76.49255]
[38.29144, -76.4933]
[38.29184, -76.49419]
[38.29962, -76.51224]
[38.30005, -76.51307]
[38.30029, -76.51351]
[38.30236, -76.51674]
[38.30264, -76.51722]
[38.30303, -76.51803]
[38.30345, -76.51905]
[38.30397, -76.52033]
[38.30424, -76.5209]
[38.30602, -76.52534]
[38.30646, -76.52636]
[38.30704, -76.52775]
[38.30732, -76.52832]
[38.30761, -76.52885]
[38.30804, -76.5295]
[38.30839, -76.52996]
[38.30903, -76.5307]
[38.31495, -76.53735]
[38.3165, -76.53901]
[38.3182, -76.54081]
[38.31891, -76.54162]
[38.32016, -76.54322]
[38.3206, -76.5438]
[38.32139, -76.54477]
[38.32276, -76.54634]
[38.328, -76.55212]
[38.32846, -76.55261]
[38.32954, -76.55369]
[38.3309, -76.55491]
[38.33418, -76.55782]
[38.33463, -76.55828]
[38.33541, -76.55924]
[38.34219, -76.56809]
[38.34246, -76.56842]
[38.34274, -76.56873]
[38.34343, -76.56933]
[38.34499, -76.57063]
[38.34574, -76.57135]
[38.35423, -76.5802]
[38.35485, -76.58079]
[38.35612, -76.58194]
[38.36686, -76.59112]
[38.36744, -76.59169]
[38.36767, -76.59195]
[38.36815, -76.59256]
[38.3684, -76.59292]
[38.36884, -76.59368]
[38.36923, -76.59445]
[38.37268, -76.60192]
[38.37539, -76.60777]
[38.37565, -76.60843]
[38.3763, -76.61039]
[38.3771, -76.61345]
[38.37966, -76.62137]
[38.37992, -76.62201]
[38.38021, -76.62264]
[38.38081, -76.62376]
[38.38251, -76.62679]
[38.38286, -76.62737]
[38.38512, -76.63142]
[38.3868, -76.63442]
[38.3874, -76.63558]
[38.3949, -76.65155]
[38.39692, -76.65587]
[38.39739, -76.65677]
[38.39791, -76.65769]
[38.39847, -76.65854]
[38.40118, -76.66222]
[38.40448, -76.66665]
[38.4066, -76.66921]
[38.4076, -76.67051]
[38.4093, -76.6728]
[38.40984, -76.6736]
[38.4102, -76.67428]
[38.41047, -76.67486]
[38.4109, -76.6762]
[38.41176, -76.67902]
[38.41214, -76.68015]
[38.41248, -76.68103]
[38.4269, -76.71463]
[38.42757, -76.71616]
[38.42844, -76.71799]
[38.42898, -76.71893]
[38.42954, -76.71979]
[38.43127, -76.72222]
[38.43198, -76.72317]
[38.43734, -76.73059]
[38.43848, -76.73211]
[38.43954, -76.73336]
[38.44116, -76.73518]
[38.44215, -76.73639]
[38.4426, -76.737]
[38.44494, -76.74026]
[38.44574, -76.7415]
[38.44754, -76.74457]
[38.44806, -76.74538]
[38.44894, -76.74664]
[38.46442, -76.76809]
[38.46507, -76.76893]
[38.46599, -76.76997]
[38.46702, -76.77099]
[38.46777, -76.77161]
[38.46824, -76.77194]
[38.46892, -76.77235]
[38.46959, -76.77268]
[38.47121, -76.77334]
[38.47497, -76.77478]
[38.47575, -76.77502]
[38.47652, -76.77518]
[38.47751, -76.77527]
[38.4787, -76.77526]
[38.49455, -76.77494]
[38.50055, -76.7748]
[38.50234, -76.77475]
[38.50432, -76.77473]
[38.50975, -76.77461]
[38.51132, -76.77457]
[38.51571, -76.7745]
[38.5162, -76.77456]
[38.51654, -76.77464]
[38.51688, -76.77476]
[38.51725, -76.77492]
[38.52361, -76.77883]
[38.52408, -76.77904]
[38.52455, -76.77917]
[38.52498, -76.77921]
[38.52555, -76.77919]
[38.52585, -76.77914]
[38.52626, -76.779]
[38.5265, -76.77889]
[38.52699, -76.77856]
[38.52761, -76.77804]
[38.52831, -76.77741]
[38.52877, -76.77708]
[38.52898, -76.77696]
[38.52951, -76.77675]
[38.53001, -76.77665]
[38.53049, -76.77663]
[38.53093, -76.77667]
[38.53127, -76.77675]
[38.53172, -76.77691]
[38.53219, -76.77718]
[38.53251, -76.77743]
[38.53489, -76.77952]
[38.53533, -76.77997]
[38.53581, -76.78054]
[38.53617, -76.78104]
[38.5365, -76.78155]
[38.53771, -76.78366]
[38.53804, -76.78411]
[38.53843, -76.78451]
[38.53897, -76.78494]
[38.54014, -76.78586]
[38.54058, -76.78628]
[38.54089, -76.78664]
[38.54201, -76.78823]
[38.54227, -76.78867]
[38.54247, -76.7891]
[38.54265, -76.78966]
[38.54314, -76.7915]
[38.54338, -76.79218]
[38.54362, -76.79271]
[38.54412, -76.79361]
[38.54537, -76.79567]
[38.54652, -76.79771]
[38.54876, -76.80153]
[38.54902, -76.80206]
[38.54935, -76.80282]
[38.54961, -76.80352]
[38.54978, -76.80412]
[38.54997, -76.80495]
[38.5501, -76.80584]
[38.55015, -76.80649]
[38.55019, -76.8076]
[38.55029, -76.80911]
[38.55086, -76.81933]
[38.5509, -76.82009]
[38.55099, -76.82133]
[38.55103, -76.82191]
[38.55105, -76.82288]
[38.5511, -76.82362]
[38.55134, -76.82592]
[38.55154, -76.8274]
[38.5517, -76.82837]
[38.55236, -76.83174]
[38.55298, -76.83478]
[38.55329, -76.836]
[38.55357, -76.83688]
[38.55408, -76.83827]
[38.55934, -76.85154]
[38.5597, -76.85234]
[38.55998, -76.8529]
[38.56053, -76.85385]
[38.56358, -76.85852]
[38.56402, -76.8591]
[38.56439, -76.85949]
[38.56485, -76.85992]
[38.56539, -76.86031]
[38.56602, -76.86066]
[38.56661, -76.8609]
[38.56711, -76.86104]
[38.56769, -76.86112]
[38.56887, -76.86117]
[38.57602, -76.86137]
[38.57783, -76.8613]
[38.58168, -76.86106]
[38.58219, -76.86109]
[38.58271, -76.86118]
[38.5834, -76.8614]
[38.58395, -76.86164]
[38.58447, -76.86193]
[38.58531, -76.86256]
[38.58558, -76.86276]
[38.58565, -76.86286]
[38.58634, -76.86346]
[38.58764, -76.86452]
[38.58795, -76.86476]
[38.58943, -76.86615]
[38.5895, -76.86625]
[38.59075, -76.86746]
[38.59126, -76.86787]
[38.59184, -76.86825]
[38.59255, -76.86861]
[38.59677, -76.8705]
[38.59856, -76.87124]
[38.59866, -76.87127]
[38.59878, -76.87124]
[38.60108, -76.87212]
[38.60308, -76.87299]
[38.604, -76.87339]
[38.60705, -76.87476]
[38.60872, -76.87549]
[38.60966, -76.87601]
[38.61038, -76.87649]
[38.61101, -76.87695]
[38.61181, -76.87773]
[38.61241, -76.87843]
[38.61295, -76.87916]
[38.61435, -76.88122]
[38.61452, -76.88127]
[38.61469, -76.88127]
[38.61485, -76.88103]
[38.61535, -76.88013]
[38.6155, -76.87977]
[38.61559, -76.87949]
[38.61568, -76.87905]
[38.61592, -76.87741]
[38.61602, -76.87702]
[38.61622, -76.87651]
[38.61648, -76.87605]
[38.61679, -76.87566]
[38.61706, -76.87539]
[38.61743, -76.87511]
[38.61772, -76.87497]
[38.61812, -76.87486]
[38.6184, -76.87484]
[38.61874, -76.87485]
[38.61908, -76.87491]
[38.62009, -76.87527]
[38.62048, -76.87534]
[38.62076, -76.87534]
[38.62122, -76.87524]
[38.6217, -76.87509]
[38.62282, -76.87467]
[38.62353, -76.87443]
[38.62449, -76.87426]
[38.62476, -76.87423]
[38.6256, -76.87423]
[38.6267, -76.87433]
[38.62764, -76.87444]
[38.628, -76.87444]
[38.62841, -76.87442]
[38.63344, -76.87394]
[38.63479, -76.87384]
[38.63556, -76.87371]
[38.63677, -76.87345]
[38.63826, -76.87322]
[38.63984, -76.87302]
[38.64067, -76.87289]
[38.64195, -76.87274]
[38.64252, -76.87274]
[38.64439, -76.87281]
[38.64494, -76.8728]
[38.64806, -76.87253]
[38.64845, -76.87252]
[38.64894, -76.87258]
[38.65124, -76.87305]
[38.65419, -76.87393]
[38.6568, -76.8747]
[38.65711, -76.87472]
[38.6574, -76.87465]
[38.65771, -76.87448]
[38.658, -76.8743]
[38.65812, -76.87434]
[38.65864, -76.87402]
[38.65919, -76.87379]
[38.65972, -76.87364]
[38.66031, -76.87357]
[38.66077, -76.8736]
[38.66094, -76.8736]
[38.66133, -76.87366]
[38.66183, -76.87379]
[38.66368, -76.8744]
[38.66483, -76.87481]
[38.66803, -76.87584]
[38.66838, -76.87594]
[38.669, -76.87602]
[38.66953, -76.87606]
[38.67476, -76.87585]
[38.67607, -76.87566]
[38.67715, -76.87542]
[38.6778, -76.87522]
[38.67891, -76.87479]
[38.67974, -76.8744]
[38.6825, -76.87285]
[38.68302, -76.87262]
[38.68393, -76.87233]
[38.68451, -76.87221]
[38.68508, -76.87214]
[38.69215, -76.87204]
[38.69345, -76.87201]
[38.69409, -76.87201]
[38.6949, -76.872]
[38.69524, -76.87205]
[38.69586, -76.8722]
[38.69641, -76.87242]
[38.69693, -76.87271]
[38.6979, -76.87339]
[38.70003, -76.87495]
[38.70087, -76.87546]
[38.70153, -76.87579]
[38.70216, -76.87607]
[38.70295, -76.87635]
[38.70779, -76.87763]
[38.70923, -76.8778]
[38.71007, -76.87784]
[38.7131, -76.87779]
[38.71403, -76.8778]
[38.71507, -76.87791]
[38.71625, -76.8781]
[38.71685, -76.87824]
[38.72407, -76.88065]
[38.72493, -76.88088]
[38.72588, -76.88105]
[38.72798, -76.88125]
[38.72946, -76.88135]
[38.73351, -76.88172]
[38.7341, -76.88173]
[38.73467, -76.8817]
[38.73516, -76.8816]
[38.73548, -76.88152]
[38.73614, -76.88126]
[38.73686, -76.88085]
[38.73742, -76.88042]
[38.73818, -76.8798]
[38.7385, -76.87958]
[38.7388, -76.87939]
[38.73944, -76.87907]
[38.74001, -76.87888]
[38.74047, -76.87876]
[38.74108, -76.87868]
[38.74156, -76.87867]
[38.74251, -76.87876]
[38.74887, -76.87949]
[38.74976, -76.87954]
[38.75042, -76.87951]
[38.75138, -76.87933]
[38.75433, -76.87887]
[38.75523, -76.87882]
[38.75606, -76.87886]
[38.75682, -76.87898]
[38.75763, -76.87917]
[38.75837, -76.87944]
[38.75907, -76.87978]
[38.76636, -76.88389]
[38.76757, -76.88449]
[38.76906, -76.88513]
[38.77035, -76.8856]
[38.77279, -76.88637]
[38.77369, -76.88664]
[38.77504, -76.8872]
[38.77582, -76.88759]
[38.77671, -76.8881]
[38.77746, -76.88862]
[38.77837, -76.88935]
[38.77896, -76.8898]
[38.77979, -76.89062]
[38.78012, -76.89098]
[38.78185, -76.89307]
[38.78365, -76.89521]
[38.78412, -76.89568]
[38.78449, -76.896]
[38.78506, -76.89639]
[38.78558, -76.89666]
[38.78614, -76.89688]
[38.78647, -76.89695]
[38.78702, -76.89702]
[38.78835, -76.89715]
[38.78922, -76.89729]
[38.79019, -76.89753]
[38.79105, -76.8978]
[38.79548, -76.89958]
[38.79636, -76.90001]
[38.79729, -76.90051]
[38.79837, -76.90121]
[38.80187, -76.90366]
[38.80213, -76.9038]
[38.80951, -76.90889]
[38.8101, -76.90934]
[38.812, -76.91099]
[38.81322, -76.91217]
[38.81471, -76.91378]
[38.81712, -76.9165]
[38.81769, -76.91715]
[38.81794, -76.91741]
[38.81951, -76.91914]
[38.82011, -76.91975]
[38.82021, -76.91973]
[38.82045, -76.91987]
[38.82067, -76.91993]
[38.82089, -76.91991]
[38.82109, -76.91979]
[38.82121, -76.91962]
[38.82131, -76.91938]
[38.82133, -76.91909]
[38.82129, -76.91887]
[38.8212, -76.91866]
[38.82079, -76.9181]
[38.82067, -76.91799]
[38.82042, -76.9179]
[38.82026, -76.91791]
[38.82006, -76.91802]
[38.8199, -76.9182]
[38.81981, -76.91841]
[38.81977, -76.91866]
[38.81975, -76.91885]
[38.81968, -76.91896]
[38.82009, -76.922]
[38.82016, -76.92267]
[38.8202, -76.92381]
[38.82016, -76.9248]
[38.82003, -76.92606]
[38.81998, -76.92633]
[38.81852, -76.93256]
[38.81828, -76.93391]
[38.81813, -76.93499]
[38.81804, -76.93601]
[38.81799, -76.93722]
[38.818, -76.93862]
[38.81822, -76.94319]
[38.81821, -76.94414]
[38.81814, -76.94512]
[38.81799, -76.94615]
[38.8178, -76.94705]
[38.81763, -76.9477]
[38.81604, -76.95268]
[38.81459, -76.95713]
[38.81416, -76.95839]
[38.81373, -76.9594]
[38.8133, -76.96023]
[38.81289, -76.96094]
[38.81205, -76.96218]
[38.81064, -76.96424]
[38.81025, -76.96491]
[38.8099, -76.96562]
[38.80961, -76.96635]
[38.80933, -76.96723]
[38.80917, -76.96787]
[38.80787, -76.97605]
[38.80751, -76.97862]
[38.80721, -76.98119]
[38.80698, -76.9837]
[38.8069, -76.98425]
[38.80697, -76.98444]
[38.80636, -76.99139]
[38.80622, -76.99241]
[38.80599, -76.99353]
[38.80577, -76.99427]
[38.80544, -76.99519]
[38.80484, -76.99651]
[38.80375, -76.99879]
[38.79749, -77.01085]
[38.79747, -77.01101]
[38.79719, -77.01168]
[38.79699, -77.01237]
[38.79688, -77.01303]
[38.79683, -77.01354]
[38.79684, -77.01426]
[38.7969, -77.01484]
[38.79702, -77.01545]
[38.79743, -77.01686]
[38.79764, -77.01739]
[38.79793, -77.01791]
[38.79822, -77.01833]
[38.79858, -77.01874]
[38.79904, -77.01914]
[38.8005, -77.02031]
[38.80137, -77.02091]
[38.80148, -77.02101]
[38.80208, -77.02138]
[38.80289, -77.02176]
[38.8038, -77.02207]
[38.80443, -77.02224]
[38.80523, -77.02234]
[38.80587, -77.0224]
[38.80902, -77.02239]
[38.80976, -77.0223]
[38.81042, -77.02213]
[38.81092, -77.02193]
[38.81144, -77.02166]
[38.81393, -77.02007]
[38.81568, -77.01896]
[38.81672, -77.0184]
[38.81769, -77.01794]
[38.81873, -77.01754]
[38.81965, -77.01724]
[38.82071, -77.01695]
[38.82159, -77.01677]
[38.8227, -77.01663]
[38.82385, -77.01654]
[38.82482, -77.01653]
[38.82691, -77.01657]
[38.82776, -77.01654]
[38.82814, -77.01648]
[38.82868, -77.0163]
[38.82917, -77.01603]
[38.82986, -77.01554]
[38.83811, -77.00917]
[38.83884, -77.00871]
[38.83936, -77.00847]
[38.83978, -77.00834]
[38.84327, -77.00748]
[38.84405, -77.00734]
[38.84483, -77.00725]
[38.84966, -77.00717]
[38.85013, -77.00713]
[38.85085, -77.00697]
[38.85119, -77.00684]
[38.85168, -77.00659]
[38.85395, -77.0053]
[38.8568, -77.00407]
[38.85784, -77.00366]
[38.86035, -77.00285]
[38.86077, -77.00264]
[38.86117, -77.00237]
[38.86165, -77.00192]
[38.86198, -77.00152]
[38.86232, -77.00102]
[38.86263, -77.00039]
[38.86285, -76.99975]
[38.86298, -76.99927]
[38.86385, -76.99486]
[38.86402, -76.99432]
[38.86422, -76.99382]
[38.8644, -76.99346]
[38.86465, -76.99303]
[38.86497, -76.99258]
[38.86529, -76.9922]
[38.86565, -76.99187]
[38.86622, -76.99141]
[38.86634, -76.99138]
[38.86718, -76.99078]
[38.86767, -76.99038]
[38.86818, -76.98987]
[38.8686, -76.98938]
[38.86917, -76.98861]
[38.86937, -76.98845]
[38.86967, -76.9883]
[38.86992, -76.98826]
[38.87021, -76.9883]
[38.87048, -76.98844]
[38.87069, -76.98859]
[38.87089, -76.98875]
[38.87149, -76.9892]
[38.87306, -76.99048]
[38.87344, -76.99069]
[38.87387, -76.99087]
[38.87426, -76.99095]
[38.87477, -76.99097]
[38.87688, -76.99075]
[38.87724, -76.9908]
[38.87744, -76.99089]
[38.87769, -76.9911]
[38.87785, -76.9913]
[38.87799, -76.99159]
[38.87811, -76.992]
[38.87869, -76.99452]
[38.87909, -76.99635]
[38.87964, -76.99846]
[38.88082, -77.00277]
[38.8809, -77.00328]
[38.88097, -77.00413]
[38.88103, -77.00624]
[38.8811, -77.00685]
[38.88119, -77.00728]
[38.88227, -77.01117]
[38.88242, -77.01195]
[38.8825, -77.01266]
[38.88252, -77.01625]
[38.88252, -77.02085]
[38.88261, -77.02247]
[38.88269, -77.02263]
[38.88271, -77.02272]
[38.88275, -77.02369]
[38.88277, -77.02516]
[38.88279, -77.02607]
[38.88277, -77.02645]
[38.88276, -77.0269]
[38.88273, -77.02703]
[38.8826, -77.02818]
[38.88255, -77.02877]
[38.88256, -77.02932]
[38.88261, -77.0297]
[38.88275, -77.03034]
[38.88285, -77.03063]
[38.88293, -77.0307]
[38.88329, -77.03164]
[38.88414, -77.0332]
[38.88436, -77.03356]
[38.88446, -77.03373]
[38.88461, -77.03377]
[38.88481, -77.03397]
[38.8854, -77.03442]
[38.8859, -77.03467]
[38.88622, -77.03482]
[38.88654, -77.03502]
[38.88668, -77.03516]
[38.88695, -77.03538]
[38.88717, -77.03573]
[38.8873, -77.03606]
[38.88743, -77.03656]
[38.88764, -77.03744]
[38.88774, -77.03768]
[38.88784, -77.0382]
[38.88796, -77.03874]
[38.88812, -77.03902]
[38.88836, -77.03924]
[38.8886, -77.03937]
[38.88895, -77.03948]
[38.89541, -77.03947]
[38.89835, -77.03948]
[38.9001, -77.03947]
[38.90022, -77.03946]
[38.90021, -77.03705]
